[
   {
      "id":0,
      "img_name":"24-08_0000.jpg",
      "width":719,
      "height":1281,
      "position":[
         -4.010045663054219,
         -0.267188913612939,
         -0.5051209363322889
      ],
      "rotation":[
         [
            0.08983954122679257,
            -0.6442551357215811,
            0.7595157516000087
         ],
         [
            0.6481501442073861,
            0.6168349219478637,
            0.44656026427517864
         ],
         [
            -0.7561945830248348,
            0.4521614746547297,
            0.4729902255247525
         ]
      ],
      "fy":1191.4983556203795,
      "fx":1191.4983556203795
   },
   {
      "id":1,
      "img_name":"24-08_0001.jpg",
      "width":719,
      "height":1281,
      "position":[
         -3.98703705544492,
         -0.17951472352998854,
         -0.6035247016150805
      ],
      "rotation":[
         [
            0.11830129110343164,
            -0.6428247264959395,
            0.7568230807320042
         ],
         [
            0.6454788547448094,
            0.6289580733712072,
            0.43332296271777265
         ],
         [
            -0.7545607017335257,
            0.43725062944105575,
            0.4893363203899851
         ]
      ],
      "fy":1191.4983556203795,
      "fx":1191.4983556203795
   },
   {
      "id":2,
      "img_name":"24-08_0002.jpg",
      "width":719,
      "height":1281,
      "position":[
         -3.996461529006407,
         -0.12815043785651203,
         -0.691068891927687
      ],
      "rotation":[
         [
            0.1467201751792121,
            -0.6407082662395635,
            0.7536352617597412
         ],
         [
            0.6430926277114537,
            0.6406791071384628,
            0.4194784307439891
         ],
         [
            -0.7516016646991668,
            0.4231113319784222,
            0.5060353133654671
         ]
      ],
      "fy":1191.4983556203795,
      "fx":1191.4983556203795
   },
   {
      "id":3,
      "img_name":"24-08_0003.jpg",
      "width":719,
      "height":1281,
      "position":[
         -4.008538577533965,
         -0.0939489553593666,
         -0.7599414904189381
      ],
      "rotation":[
         [
            0.17512943214309862,
            -0.6368931346516277,
            0.7507974540652487
         ],
         [
            0.6384826322850038,
            0.6539548476993743,
            0.4058115146726376
         ],
         [
            -0.7494462023838988,
            0.40830159466270965,
            0.5211719462214368
         ]
      ],
      "fy":1191.4983556203795,
      "fx":1191.4983556203795
   },
   {
      "id":4,
      "img_name":"24-08_0004.jpg",
      "width":719,
      "height":1281,
      "position":[
         -4.006722167224282,
         -0.03217117217602194,
         -0.8412336636366698
      ],
      "rotation":[
         [
            0.20223124200826345,
            -0.6322894002444148,
            0.7478720740169092
         ],
         [
            0.633833302422352,
            0.6666459571917555,
            0.3922225293124599
         ],
         [
            -0.7465640424613088,
            0.39470657721710994,
            0.535582718546242
         ]
      ],
      "fy":1191.4983556203795,
      "fx":1191.4983556203795
   },
   {
      "id":5,
      "img_name":"24-08_0005.jpg",
      "width":719,
      "height":1281,
      "position":[
         -3.9952066586001105,
         0.04741762138041989,
         -0.9315452103432652
      ],
      "rotation":[
         [
            0.22765726467443936,
            -0.6275195153161225,
            0.7445746622994708
         ],
         [
            0.6290265900737252,
            0.6784697232971856,
            0.3794790950095433
         ],
         [
            -0.7433019028774069,
            0.38196608811052735,
            0.5491850222942783
         ]
      ],
      "fy":1191.4983556203795,
      "fx":1191.4983556203795
   },
   {
      "id":6,
      "img_name":"24-08_0006.jpg",
      "width":719,
      "height":1281,
      "position":[
         -3.9981220207240504,
         0.17227207848865927,
         -1.0753328701580533
      ],
      "rotation":[
         [
            0.25290073561673554,
            -0.6212695879908922,
            0.7416638840891077
         ],
         [
            0.6236256773176793,
            0.6907608116829282,
            0.36597884588211876
         ],
         [
            -0.7396838733638712,
            0.36996432271337876,
            0.5621335850175216
         ]
      ],
      "fy":1191.4983556203795,
      "fx":1191.4983556203795
   },
   {
      "id":7,
      "img_name":"24-08_0007.jpg",
      "width":719,
      "height":1281,
      "position":[
         -3.995596369397562,
         0.3164135446173501,
         -1.259004111552749
      ],
      "rotation":[
         [
            0.27896941482195614,
            -0.6148802872958937,
            0.7376301904672928
         ],
         [
            0.6181779043003098,
            0.7027933337847316,
            0.3520477362839022
         ],
         [
            -0.73486879388689,
            0.3577761343111949,
            0.5761632524628463
         ]
      ],
      "fy":1191.4983556203795,
      "fx":1191.4983556203795
   },
   {
      "id":8,
      "img_name":"24-08_0008.jpg",
      "width":719,
      "height":1281,
      "position":[
         -3.9955855108251277,
         0.4760904959189569,
         -1.4443499486090658
      ],
      "rotation":[
         [
            0.3073294948688026,
            -0.6075944525508034,
            0.7323780190674596
         ],
         [
            0.6116439568424422,
            0.7157169992775609,
            0.3371065810737675
         ],
         [
            -0.7289994867225951,
            0.3443517942085004,
            0.5915924189706788
         ]
      ],
      "fy":1191.4983556203795,
      "fx":1191.4983556203795
   },
   {
      "id":9,
      "img_name":"24-08_0009.jpg",
      "width":719,
      "height":1281,
      "position":[
         -4.004687653320436,
         0.6077517062194431,
         -1.6250021700445647
      ],
      "rotation":[
         [
            0.3352976526657805,
            -0.5993517532130395,
            0.7268789170400208
         ],
         [
            0.604374377998033,
            0.7287010104245663,
            0.32206590727009093
         ],
         [
            -0.7227081674758549,
            0.33131905065461004,
            0.6065645813407009
         ]
      ],
      "fy":1191.4983556203795,
      "fx":1191.4983556203795
   },
   {
      "id":10,
      "img_name":"24-08_0010.jpg",
      "width":719,
      "height":1281,
      "position":[
         -4.009924538162831,
         0.7007809989288422,
         -1.7779578066430541
      ],
      "rotation":[
         [
            0.3621394333465694,
            -0.5912217416282526,
            0.7206329738788539
         ],
         [
            0.5970737836544409,
            0.7408134514388142,
            0.30773093286161757
         ],
         [
            -0.7157918186791432,
            0.31882955069028185,
            0.6212807657723177
         ]
      ],
      "fy":1191.4983556203795,
      "fx":1191.4983556203795
   },
   {
      "id":11,
      "img_name":"24-08_0011.jpg",
      "width":719,
      "height":1281,
      "position":[
         -4.052544490590276,
         0.7396518570468124,
         -1.9035976842015623
      ],
      "rotation":[
         [
            0.38542684357434837,
            -0.5838938044095636,
            0.7145027455681616
         ],
         [
            0.5901941464070709,
            0.7512211050628463,
            0.2955295600358529
         ],
         [
            -0.7093074212209708,
            0.307790312518575,
            0.6341514848366864
         ]
      ],
      "fy":1191.4983556203795,
      "fx":1191.4983556203795
   },
   {
      "id":12,
      "img_name":"24-08_0012.jpg",
      "width":719,
      "height":1281,
      "position":[
         -4.084811328628114,
         0.7538157349037288,
         -1.9761549052070937
      ],
      "rotation":[
         [
            0.4037682422929616,
            -0.5787548642721532,
            0.7085294726382053
         ],
         [
            0.5852800511473041,
            0.7586541355814426,
            0.2861663227813209
         ],
         [
            -0.7031489658988778,
            0.2991432928322072,
            0.6450541233949623
         ]
      ],
      "fy":1191.4983556203795,
      "fx":1191.4983556203795
   },
   {
      "id":13,
      "img_name":"24-08_0013.jpg",
      "width":719,
      "height":1281,
      "position":[
         -4.1116842437371375,
         0.776099865282702,
         -2.0442614019335763
      ],
      "rotation":[
         [
            0.41837111678323474,
            -0.5728723615060773,
            0.7048282528843456
         ],
         [
            0.5809761114958064,
            0.7652801926200218,
            0.2771515553892388
         ],
         [
            -0.6981635671622811,
            0.2935361718867238,
            0.6529962858097483
         ]
      ],
      "fy":1191.4983556203795,
      "fx":1191.4983556203795
   },
   {
      "id":14,
      "img_name":"24-08_0014.jpg",
      "width":719,
      "height":1281,
      "position":[
         -4.083042349340309,
         0.8414740960664358,
         -2.1140821723467833
      ],
      "rotation":[
         [
            0.4308921003725618,
            -0.5670362346665253,
            0.7019985088386806
         ],
         [
            0.5766647189978165,
            0.7713832497612784,
            0.2691202033495418
         ],
         [
            -0.6941107978555665,
            0.28885600316236887,
            0.6593727396074013
         ]
      ],
      "fy":1191.4983556203795,
      "fx":1191.4983556203795
   },
   {
      "id":15,
      "img_name":"24-08_0015.jpg",
      "width":719,
      "height":1281,
      "position":[
         -4.0340806307016175,
         0.9320392801073434,
         -2.1373726421415915
      ],
      "rotation":[
         [
            0.4443927149316222,
            -0.5581665205319633,
            0.7006891252709317
         ],
         [
            0.5712542316685848,
            0.7790692331258859,
            0.2583016314260884
         ],
         [
            -0.6900606623453017,
            0.28548426463447224,
            0.6650676784581232
         ]
      ],
      "fy":1191.4983556203795,
      "fx":1191.4983556203795
   },
   {
      "id":16,
      "img_name":"24-08_0016.jpg",
      "width":719,
      "height":1281,
      "position":[
         -3.98695532143652,
         1.0146060730604558,
         -2.140356987783031
      ],
      "rotation":[
         [
            0.45885890096406845,
            -0.5468838938042644,
            0.7002617479939437
         ],
         [
            0.564808657727745,
            0.7879352303922703,
            0.24525344617856593
         ],
         [
            -0.6858860613555507,
            0.2829771711713966,
            0.6704358518411765
         ]
      ],
      "fy":1191.4983556203795,
      "fx":1191.4983556203795
   },
   {
      "id":17,
      "img_name":"24-08_0017.jpg",
      "width":719,
      "height":1281,
      "position":[
         -3.9247687742941815,
         1.087162678925823,
         -2.140284958652164
      ],
      "rotation":[
         [
            0.47245016608274165,
            -0.5365347639469342,
            0.6992290666475454
         ],
         [
            0.5590941045541871,
            0.7957421100439562,
            0.23282670928298643
         ],
         [
            -0.6813256364038726,
            0.28093583142632433,
            0.6759219154604016
         ]
      ],
      "fy":1191.4983556203795,
      "fx":1191.4983556203795
   },
   {
      "id":18,
      "img_name":"24-08_0018.jpg",
      "width":719,
      "height":1281,
      "position":[
         -3.8899182804603063,
         1.1741786318482634,
         -2.0872752680310294
      ],
      "rotation":[
         [
            0.4869913442837297,
            -0.5245997682601803,
            0.6983083228303173
         ],
         [
            0.5522296540110007,
            0.8043701060219027,
            0.21916008251778812
         ],
         [
            -0.6766696681717134,
            0.2788975003109175,
            0.6814208277538232
         ]
      ],
      "fy":1191.4983556203795,
      "fx":1191.4983556203795
   },
   {
      "id":19,
      "img_name":"24-08_0019.jpg",
      "width":719,
      "height":1281,
      "position":[
         -3.88878452941243,
         1.3178305045402072,
         -1.9786848555557086
      ],
      "rotation":[
         [
            0.501256001798436,
            -0.5123159451419119,
            0.6973340612750792
         ],
         [
            0.54493323462207,
            0.8129031862789174,
            0.20551442660288272
         ],
         [
            -0.6721533980166837,
            0.2769851658319147,
            0.6866505861380243
         ]
      ],
      "fy":1191.4983556203795,
      "fx":1191.4983556203795
   },
   {
      "id":20,
      "img_name":"24-08_0020.jpg",
      "width":719,
      "height":1281,
      "position":[
         -3.885782442296553,
         1.4587424383971468,
         -1.8923721116636882
      ],
      "rotation":[
         [
            0.5127841960289687,
            -0.5024891041067238,
            0.6961013349771326
         ],
         [
            0.5387665246914747,
            0.8196296917682047,
            0.194776282549566
         ],
         [
            -0.6684182823463125,
            0.2751578976260353,
            0.6910174608497425
         ]
      ],
      "fy":1191.4983556203795,
      "fx":1191.4983556203795
   },
   {
      "id":21,
      "img_name":"24-08_0021.jpg",
      "width":719,
      "height":1281,
      "position":[
         -3.8459446273076625,
         1.5655054676623392,
         -1.8523602740425666
      ],
      "rotation":[
         [
            0.5240882734754208,
            -0.4935800795886491,
            0.6940534465290229
         ],
         [
            0.5323635451905435,
            0.8259646797987352,
            0.18539526282278307
         ],
         [
            -0.6647710413049808,
            0.2723252701425919,
            0.6956424439926419
         ]
      ],
      "fy":1191.4983556203795,
      "fx":1191.4983556203795
   },
   {
      "id":22,
      "img_name":"24-08_0022.jpg",
      "width":719,
      "height":1281,
      "position":[
         -3.7964713716635403,
         1.6345458265881183,
         -1.843344620663165
      ],
      "rotation":[
         [
            0.5361083465160146,
            -0.48390078543756254,
            0.6916848058536308
         ],
         [
            0.5252394863755502,
            0.8326738665377148,
            0.17543578294373244
         ],
         [
            -0.6608413748758573,
            0.26924758464662624,
            0.7005672097765815
         ]
      ],
      "fy":1191.4983556203795,
      "fx":1191.4983556203795
   },
   {
      "id":23,
      "img_name":"24-08_0023.jpg",
      "width":719,
      "height":1281,
      "position":[
         -3.7219158322349055,
         1.6876853878042082,
         -1.8735605604620797
      ],
      "rotation":[
         [
            0.5488117451179205,
            -0.4737561391352277,
            0.6887385491260853
         ],
         [
            0.5184909043990263,
            0.8391903416464903,
            0.164093730967171
         ],
         [
            -0.6557231507855295,
            0.26704810637585363,
            0.7061957649299296
         ]
      ],
      "fy":1191.4983556203795,
      "fx":1191.4983556203795
   },
   {
      "id":24,
      "img_name":"24-08_0024.jpg",
      "width":719,
      "height":1281,
      "position":[
         -3.6306309161666217,
         1.6908714620958993,
         -1.9365968150470498
      ],
      "rotation":[
         [
            0.5612033558806766,
            -0.4631732400644595,
            0.6859455831452355
         ],
         [
            0.5121886155913967,
            0.8453574001004923,
            0.1517685347952751
         ],
         [
            -0.6501642987790355,
            0.26616050755799,
            0.7116494704625572
         ]
      ],
      "fy":1191.4983556203795,
      "fx":1191.4983556203795
   },
   {
      "id":25,
      "img_name":"24-08_0025.jpg",
      "width":719,
      "height":1281,
      "position":[
         -3.5434106288743252,
         1.6854632241750866,
         -1.9914566984782704
      ],
      "rotation":[
         [
            0.5728524870300418,
            -0.4524166912785002,
            0.6834904282841933
         ],
         [
            0.5056567259863276,
            0.8513459655713133,
            0.13971872591115533
         ],
         [
            -0.6450979023127296,
            0.265573312586304,
            0.7164631965939726
         ]
      ],
      "fy":1191.4983556203795,
      "fx":1191.4983556203795
   },
   {
      "id":26,
      "img_name":"24-08_0026.jpg",
      "width":719,
      "height":1281,
      "position":[
         -3.434102830804394,
         1.7489810347309587,
         -1.9681987935895577
      ],
      "rotation":[
         [
            0.5845924193547171,
            -0.443096774892356,
            0.6796447243324938
         ],
         [
            0.4989408581899079,
            0.8569056817929127,
            0.12950163141729845
         ],
         [
            -0.6397731811053953,
            0.26339685000207647,
            0.7220196508040947
         ]
      ],
      "fy":1191.4983556203795,
      "fx":1191.4983556203795
   },
   {
      "id":27,
      "img_name":"24-08_0027.jpg",
      "width":719,
      "height":1281,
      "position":[
         -3.392933443266023,
         1.8304696106441074,
         -1.9350301727614094
      ],
      "rotation":[
         [
            0.5982787243788219,
            -0.43173176530010976,
            0.6750335182689085
         ],
         [
            0.4921061462539675,
            0.8628149520921449,
            0.11568015934160228
         ],
         [
            -0.6323718121285281,
            0.26297916510073693,
            0.728661684149922
         ]
      ],
      "fy":1191.4983556203795,
      "fx":1191.4983556203795
   },
   {
      "id":28,
      "img_name":"24-08_0028.jpg",
      "width":719,
      "height":1281,
      "position":[
         -3.3974812674577644,
         1.8798382065427721,
         -1.932101082708636
      ],
      "rotation":[
         [
            0.6143151082233759,
            -0.4188812964990415,
            0.6686967976981674
         ],
         [
            0.48403107300544873,
            0.8693302984534471,
            0.0998937062884078
         ],
         [
            -0.6231619919199947,
            0.2623038155157541,
            0.7367942997826337
         ]
      ],
      "fy":1191.4983556203795,
      "fx":1191.4983556203795
   },
   {
      "id":29,
      "img_name":"24-08_0029.jpg",
      "width":719,
      "height":1281,
      "position":[
         -3.3894283803793823,
         1.962818620150573,
         -1.9512396449931957
      ],
      "rotation":[
         [
            0.6322060628548608,
            -0.4052399424565842,
            0.6603757136110777
         ],
         [
            0.4742247405299245,
            0.8764055048221,
            0.08381101709707307
         ],
         [
            -0.6127204824052166,
            0.2601806682966751,
            0.7462436802317418
         ]
      ],
      "fy":1191.4983556203795,
      "fx":1191.4983556203795
   },
   {
      "id":30,
      "img_name":"24-08_0030.jpg",
      "width":719,
      "height":1281,
      "position":[
         -3.336110609766289,
         2.061890634187355,
         -1.9523989171539227
      ],
      "rotation":[
         [
            0.6514671047157343,
            -0.3913136452400933,
            0.6499724936658542
         ],
         [
            0.4633730784173958,
            0.8835871115170789,
            0.06752189688457402
         ],
         [
            -0.6007295578471933,
            0.2571914606082704,
            0.7569521457258048
         ]
      ],
      "fy":1191.4983556203795,
      "fx":1191.4983556203795
   },
   {
      "id":31,
      "img_name":"24-08_0031.jpg",
      "width":719,
      "height":1281,
      "position":[
         -3.2498558718796464,
         2.1500862506300025,
         -1.9944127084619423
      ],
      "rotation":[
         [
            0.6713602706992321,
            -0.37712421717072814,
            0.6380068273537671
         ],
         [
            0.45211398573515743,
            0.8905217381421097,
            0.050635736382773786
         ],
         [
            -0.5872549112858264,
            0.2544569879561601,
            0.7683640481249461
         ]
      ],
      "fy":1191.4983556203795,
      "fx":1191.4983556203795
   },
   {
      "id":32,
      "img_name":"24-08_0032.jpg",
      "width":719,
      "height":1281,
      "position":[
         -3.1431797615974797,
         2.2376175601373136,
         -2.1035485288390885
      ],
      "rotation":[
         [
            0.6912867487379779,
            -0.3613741946303127,
            0.6257246378995865
         ],
         [
            0.4398102318943303,
            0.8975045687742528,
            0.032442394338245015
         ],
         [
            -0.5733145654353561,
            0.25277310079325227,
            0.7793690836664185
         ]
      ],
      "fy":1191.4983556203795,
      "fx":1191.4983556203795
   },
   {
      "id":33,
      "img_name":"24-08_0033.jpg",
      "width":719,
      "height":1281,
      "position":[
         -3.028650538832883,
         2.332247430577403,
         -2.2049808528284545
      ],
      "rotation":[
         [
            0.7116356258872173,
            -0.345874253021346,
            0.6115110277542298
         ],
         [
            0.42669479491026097,
            0.9042728823174547,
            0.014903231252749621
         ],
         [
            -0.5581274836133755,
            0.2503229022726616,
            0.7910955420385029
         ]
      ],
      "fy":1191.4983556203795,
      "fx":1191.4983556203795
   },
   {
      "id":34,
      "img_name":"24-08_0034.jpg",
      "width":719,
      "height":1281,
      "position":[
         -2.928545730445955,
         2.4571577864125724,
         -2.2648522269835953
      ],
      "rotation":[
         [
            0.7323610366627397,
            -0.329823716865642,
            0.5957043123657996
         ],
         [
            0.41275370956213836,
            0.9108372695280881,
            -0.0031374641529618424
         ],
         [
            -0.5415548792329096,
            0.24817692123070187,
            0.8031976895805159
         ]
      ],
      "fy":1191.4983556203795,
      "fx":1191.4983556203795
   },
   {
      "id":35,
      "img_name":"24-08_0035.jpg",
      "width":719,
      "height":1281,
      "position":[
         -2.8218921756277378,
         2.5759299718833146,
         -2.2977577664002093
      ],
      "rotation":[
         [
            0.753101499281208,
            -0.3136626620770406,
            0.5783198649529004
         ],
         [
            0.39729319975844896,
            0.9174791329556848,
            -0.019752316739511316
         ],
         [
            -0.524400844017332,
            0.2446380489818152,
            0.8155709532494897
         ]
      ],
      "fy":1191.4983556203795,
      "fx":1191.4983556203795
   },
   {
      "id":36,
      "img_name":"24-08_0036.jpg",
      "width":719,
      "height":1281,
      "position":[
         -2.7227230965090357,
         2.6663737986451856,
         -2.322059302104354
      ],
      "rotation":[
         [
            0.7731156131120785,
            -0.29830573196683174,
            0.559737383991875
         ],
         [
            0.38172194808486054,
            0.9236139464514413,
            -0.0350090312732748
         ],
         [
            -0.5065378595057175,
            0.24073007331059995,
            0.8279302076209318
         ]
      ],
      "fy":1191.4983556203795,
      "fx":1191.4983556203795
   },
   {
      "id":37,
      "img_name":"24-08_0037.jpg",
      "width":719,
      "height":1281,
      "position":[
         -2.6775675416523446,
         2.753640691012169,
         -2.42995037599283
      ],
      "rotation":[
         [
            0.7920501234673313,
            -0.28134478425743015,
            0.5417579849771718
         ],
         [
            0.3662270591328689,
            0.9290167195895346,
            -0.05296863111304663
         ],
         [
            -0.48839977792201705,
            0.24036024441292267,
            0.8388638803950759
         ]
      ],
      "fy":1191.4983556203795,
      "fx":1191.4983556203795
   },
   {
      "id":38,
      "img_name":"24-08_0038.jpg",
      "width":719,
      "height":1281,
      "position":[
         -2.626667951417445,
         2.832638658190259,
         -2.5672284421554057
      ],
      "rotation":[
         [
            0.8086120941154724,
            -0.26685675214085913,
            0.5243414489500355
         ],
         [
            0.3514928915347711,
            0.9338038372219094,
            -0.06680674210110289
         ],
         [
            -0.4718042268258268,
            0.23832303167438473,
            0.8488833277446399
         ]
      ],
      "fy":1191.4983556203795,
      "fx":1191.4983556203795
   },
   {
      "id":39,
      "img_name":"24-08_0039.jpg",
      "width":719,
      "height":1281,
      "position":[
         -2.5154475579948565,
         2.919852820589587,
         -2.6555131851369187
      ],
      "rotation":[
         [
            0.8233895637812865,
            -0.25620009403659283,
            0.5063508053431967
         ],
         [
            0.338008198720153,
            0.9381529813105463,
            -0.07496293254730027
         ],
         [
            -0.455829007253839,
            0.23287441996444033,
            0.8590631063386468
         ]
      ],
      "fy":1191.4983556203795,
      "fx":1191.4983556203795
   },
   {
      "id":40,
      "img_name":"24-08_0040.jpg",
      "width":719,
      "height":1281,
      "position":[
         -2.385332043280741,
         3.016484060025476,
         -2.722970275332234
      ],
      "rotation":[
         [
            0.8371987849260256,
            -0.24692813497841132,
            0.48798021545393583
         ],
         [
            0.3247262483019339,
            0.9423981743971429,
            -0.0802405418518778
         ],
         [
            -0.4400580168365722,
            0.22563726875012405,
            0.869158653393526
         ]
      ],
      "fy":1191.4983556203795,
      "fx":1191.4983556203795
   },
   {
      "id":41,
      "img_name":"24-08_0041.jpg",
      "width":719,
      "height":1281,
      "position":[
         -2.2656351985470824,
         3.103615351282918,
         -2.802560435793997
      ],
      "rotation":[
         [
            0.8498182091958929,
            -0.2375159962766581,
            0.47052647410299026
         ],
         [
            0.31137616569592025,
            0.94651454878183,
            -0.08458777914589978
         ],
         [
            -0.42526920268882895,
            0.2183949643582361,
            0.8783221190357056
         ]
      ],
      "fy":1191.4983556203795,
      "fx":1191.4983556203795
   },
   {
      "id":42,
      "img_name":"24-08_0042.jpg",
      "width":719,
      "height":1281,
      "position":[
         -2.1682621248190026,
         3.1676357574018223,
         -2.893217354787947
      ],
      "rotation":[
         [
            0.8620847505072042,
            -0.2286506764081362,
            0.45224855015912796
         ],
         [
            0.2979060431211944,
            0.9505981576545206,
            -0.08726472446357844
         ],
         [
            -0.40995350030802813,
            0.20995716430246675,
            0.8876125938399378
         ]
      ],
      "fy":1191.4983556203795,
      "fx":1191.4983556203795
   },
   {
      "id":43,
      "img_name":"24-08_0043.jpg",
      "width":719,
      "height":1281,
      "position":[
         -2.072073499387881,
         3.2027499512151425,
         -2.9295165213962413
      ],
      "rotation":[
         [
            0.8740862460770026,
            -0.22225332060900513,
            0.4319452464112605
         ],
         [
            0.28473955401111284,
            0.9548381197098121,
            -0.08489729990160388
         ],
         [
            -0.39356908008704944,
            0.19719945899342897,
            0.8978951790560703
         ]
      ],
      "fy":1191.4983556203795,
      "fx":1191.4983556203795
   },
   {
      "id":44,
      "img_name":"24-08_0044.jpg",
      "width":719,
      "height":1281,
      "position":[
         -2.0054772227173707,
         3.2025243906271865,
         -2.968448109556309
      ],
      "rotation":[
         [
            0.8846869674952094,
            -0.2174497969127424,
            0.41236459034055956
         ],
         [
            0.27300128528431933,
            0.9586674693723153,
            -0.08016845639271349
         ],
         [
            -0.3778879037191321,
            0.1835000517435562,
            0.9074846903572932
         ]
      ],
      "fy":1191.4983556203795,
      "fx":1191.4983556203795
   },
   {
      "id":45,
      "img_name":"24-08_0045.jpg",
      "width":719,
      "height":1281,
      "position":[
         -1.952566961033198,
         3.124686983992843,
         -3.003855747882732
      ],
      "rotation":[
         [
            0.8943631773652974,
            -0.2151233993094652,
            0.39221987461446955
         ],
         [
            0.2632860563312564,
            0.9619714555777125,
            -0.07274181187756903
         ],
         [
            -0.3616558578463569,
            0.16832362200011491,
            0.916990838973966
         ]
      ],
      "fy":1191.4983556203795,
      "fx":1191.4983556203795
   },
   {
      "id":46,
      "img_name":"24-08_0046.jpg",
      "width":719,
      "height":1281,
      "position":[
         -1.9212436013237484,
         2.9952398091473342,
         -3.065635284389202
      ],
      "rotation":[
         [
            0.9026954382658204,
            -0.21394975243163114,
            0.37331816078048213
         ],
         [
            0.25515775766265203,
            0.9647747208622774,
            -0.06406447291347987
         ],
         [
            -0.34646134624030656,
            0.15308573225339572,
            0.9254886785594928
         ]
      ],
      "fy":1191.4983556203795,
      "fx":1191.4983556203795
   },
   {
      "id":47,
      "img_name":"24-08_0047.jpg",
      "width":719,
      "height":1281,
      "position":[
         -1.865155755411538,
         2.8427091849240425,
         -3.1104173863688076
      ],
      "rotation":[
         [
            0.9091032552447693,
            -0.2143928454641114,
            0.3571651986366605
         ],
         [
            0.24910122327201864,
            0.9669933580803058,
            -0.053595018359519006
         ],
         [
            -0.33388598633028527,
            0.13769369354612757,
            0.9325023296967562
         ]
      ],
      "fy":1191.4983556203795,
      "fx":1191.4983556203795
   },
   {
      "id":48,
      "img_name":"24-08_0048.jpg",
      "width":719,
      "height":1281,
      "position":[
         -1.7864937679136252,
         2.701504631184369,
         -3.1303042166502686
      ],
      "rotation":[
         [
            0.9140204062097463,
            -0.2153774050303654,
            0.34377211992038614
         ],
         [
            0.24471354912392715,
            0.9686055893984669,
            -0.0438005828867634
         ],
         [
            -0.3235459409532775,
            0.12416032211795716,
            0.9380310434650995
         ]
      ],
      "fy":1191.4983556203795,
      "fx":1191.4983556203795
   },
   {
      "id":49,
      "img_name":"24-08_0049.jpg",
      "width":719,
      "height":1281,
      "position":[
         -1.7047535499993207,
         2.5931015753299915,
         -3.1683053080726937
      ],
      "rotation":[
         [
            0.9185309673518155,
            -0.21543263303806828,
            0.33149606730400777
         ],
         [
            0.2406495126171776,
            0.9699266136778316,
            -0.036471580121639376
         ],
         [
            -0.31366968947103124,
            0.11327464280119928,
            0.9427513888642157
         ]
      ],
      "fy":1191.4983556203795,
      "fx":1191.4983556203795
   },
   {
      "id":50,
      "img_name":"24-08_0050.jpg",
      "width":719,
      "height":1281,
      "position":[
         -1.5958687174808377,
         2.513413978988241,
         -3.1770696051966407
      ],
      "rotation":[
         [
            0.922736482612603,
            -0.21520941102305774,
            0.31975348796038183
         ],
         [
            0.23671917948865148,
            0.9711301225073895,
            -0.02950110542000806
         ],
         [
            -0.30417332841316164,
            0.10291352955705782,
            0.9470413885972289
         ]
      ],
      "fy":1191.4983556203795,
      "fx":1191.4983556203795
   },
   {
      "id":51,
      "img_name":"24-08_0051.jpg",
      "width":719,
      "height":1281,
      "position":[
         -1.5011184784766307,
         2.449392469951248,
         -3.215155028095205
      ],
      "rotation":[
         [
            0.9266281622841532,
            -0.21409026598923536,
            0.3090721709739512
         ],
         [
            0.23290906062051664,
            0.9721805391367522,
            -0.02486702243218159
         ],
         [
            -0.29515016236275626,
            0.09502819230329791,
            0.9507134291282552
         ]
      ],
      "fy":1191.4983556203795,
      "fx":1191.4983556203795
   },
   {
      "id":52,
      "img_name":"24-08_0052.jpg",
      "width":719,
      "height":1281,
      "position":[
         -1.4235482566783,
         2.4005173762401633,
         -3.260437642747884
      ],
      "rotation":[
         [
            0.930824311745638,
            -0.21137071133312957,
            0.29814178347522186
         ],
         [
            0.22782918822062506,
            0.9734713922626572,
            -0.021149691272792932
         ],
         [
            -0.2857620717624897,
            0.0876120473264394,
            0.9542872562835989
         ]
      ],
      "fy":1191.4983556203795,
      "fx":1191.4983556203795
   },
   {
      "id":53,
      "img_name":"24-08_0053.jpg",
      "width":719,
      "height":1281,
      "position":[
         -1.3449090367908152,
         2.3655592635085596,
         -3.290627617587841
      ],
      "rotation":[
         [
            0.9357443096584515,
            -0.20764944236285146,
            0.28506893206420286
         ],
         [
            0.22156418115193965,
            0.9749961346113329,
            -0.017083650764111162
         ],
         [
            -0.2743936963056891,
            0.0791469934953723,
            0.9583547635653223
         ]
      ],
      "fy":1191.4983556203795,
      "fx":1191.4983556203795
   },
   {
      "id":54,
      "img_name":"24-08_0054.jpg",
      "width":719,
      "height":1281,
      "position":[
         -1.296774340515531,
         2.3239928565598067,
         -3.317823908515279
      ],
      "rotation":[
         [
            0.9411053475752612,
            -0.20253637791952933,
            0.2707392479572999
         ],
         [
            0.21400860147729478,
            0.9767423344976063,
            -0.013218566257297806
         ],
         [
            -0.26176524455889705,
            0.07038059121237718,
            0.9625619611856772
         ]
      ],
      "fy":1191.4983556203795,
      "fx":1191.4983556203795
   },
   {
      "id":55,
      "img_name":"24-08_0055.jpg",
      "width":719,
      "height":1281,
      "position":[
         -1.2393592730932972,
         2.28422654239894,
         -3.340227087370129
      ],
      "rotation":[
         [
            0.9467513619127729,
            -0.19570858012091844,
            0.25565603920769
         ],
         [
            0.20481190960779994,
            0.9787580171378103,
            -0.009210079873063524
         ],
         [
            -0.24842290634946745,
            0.06108105725604185,
            0.9667239337294633
         ]
      ],
      "fy":1191.4983556203795,
      "fx":1191.4983556203795
   },
   {
      "id":56,
      "img_name":"24-08_0056.jpg",
      "width":719,
      "height":1281,
      "position":[
         -1.1772222405043697,
         2.2556095432532195,
         -3.365860089789277
      ],
      "rotation":[
         [
            0.9523436977829525,
            -0.1873457028297626,
            0.24071366584453574
         ],
         [
            0.19439509228853527,
            0.9809069896076599,
            -0.00565913712239384
         ],
         [
            -0.23505750229938283,
            0.05218299886036149,
            0.9705796748555553
         ]
      ],
      "fy":1191.4983556203795,
      "fx":1191.4983556203795
   },
   {
      "id":57,
      "img_name":"24-08_0057.jpg",
      "width":719,
      "height":1281,
      "position":[
         -1.1293498407797413,
         2.2258933383886763,
         -3.4005526540331843
      ],
      "rotation":[
         [
            0.9573664422241763,
            -0.17816545259439415,
            0.22739077994689608
         ],
         [
            0.1834133277328154,
            0.9830338834008808,
            -0.0019837579888896694
         ],
         [
